30
6
5 2 4 6 3 1
6
2 4 8 16 32 64
3
1 1 1
3
200000 200000 200000
200
0 0 0 0 0 0 0 0 0 0 0 0 0 0 0 0 0 0 0 0 0 0 0 0 0 0 0 0 0 0 0 0 0 0 0 0 0 0 0 0 0 0 0 0 0 0 0 0 0 0 0 0 0 0 0 0 0 0 0 0 0 0 0 0 0 0 0 0 0 0 0 0 0 0 0 0 0 0 0 0 0 0 0 0 0 0 0 0 0 0 0 0 0 0 0 0 0 0 0 0 75200 153015 110315 134386 26095 113578 46236 198194 121394 143492 73015 174226 29468 133256 130077 189179 95096 1568 66174 146519 142023 158236 42886 27970 29454 159656 144990 10843 51295 41573 24693 66444 113968 177920 183285 110163 23017 42856 143199 38521 34547 168393 182480 136756 166050 18851 128393 90703 168980 194333 135834 93775 14508 92356 199486 177340 131365 80690 106898 82156 14939 58473 183745 189734 25284 120699 52375 163889 183186 31623 142348 147005 68744 97127 2674 100013 4202 91302 133622 75093 153639 31589 160594 81811 95726 137554 129868 20617 99562 131569 151750 170421 67478 178404 4365 90327 15650 27227 137934 193247
200
76092 76838 4476 133534 17158 13801 58934 88028 99591 44760 90984 91876 5352 159668 20516 16502 70468 105256 119082 53520 37128 37492 2184 65156 8372 6734 28756 42952 48594 21840 32028 32342 1884 56206 7222 5809 24806 37052 41919 18840 35496 35844 2088 62292 8004 6438 27492 41064 46458 20880 66504 67156 3912 116708 14996 12062 51508 76936 87042 39120 70992 71688 4176 124584 16008 12876 54984 82128 92916 41760 1428 1442 84 2506 322 259 1106 1652 1869 840 77316 78074 4548 135682 17434 14023 59882 89444 101193 45480 52224 52736 3072 91648 11776 9472 40448 60416 68352 30720 373 446 182 157 174 326 348 7 379 256 204 206 12 358 46 37 158 236 267 120 119134 124106 102984 123566 88504 16127 65821 90283 147303 174024 93269 149285 5945 143625 21540 110233 85883 91191 52074 30395 56782 41314 39693 107250 158457 13655 188429 145837 73266 33433 120686 12968 26145 61412 135766 196525 135167 119140 52200 149456 91698 6030 128644 131152 38128 76244 62413 146129 60825 132863 150495 65027 170030 138786 66205 168336 28977 83545 74877 179603 108072 144994 64085 40163 70597 75709 62394 11993 44355 39644 185783 178568 127712 106471 107316 5729 117841 126586 94634 99637
200
26763 187292 137710 140668 12544 139808 16837 178146 172020 34042 43247 4963 143521 125001 174697 97213 187603 51142 52322 11089 129783 18210 10809 108851 48663 172871 191905 144543 173358 118398 140681 50319 1697 55010 173085 128203 192533 56904 72500 156722 129623 19731 83860 162307 180677 116570 148955 32854 75561 160690 120704 51787 168971 49212 108331 131728 33884 4631 154011 135778 59794 121933 102222 14862 172450 8461 126160 197834 94849 157585 51321 140812 182043 170619 191229 175907 154148 33003 15518 116637 163525 88059 82039 157332 81535 170620 130756 48935 129306 147392 964 137036 51071 73464 1090 187073 31989 15746 163373 160069 135811 92058 133269 125170 136194 27882 144420 76909 87549 156528 13264 160434 187501 181373 52306 197680 195457 73976 8688 99435 181740 20360 107286 33728 154794 52233 151317 129191 99983 135313 91610 179691 187911 12979 19234 112698 173466 187116 50926 122398 126587 26999 176358 36664 60528 47015 46273 148530 24029 42262 182394 115555 128971 42859 103291 118715 10233 125419 11112 118670 105512 144700 67370 116920 69809 134199 80751 18701 147247 96181 164269 97262 81154 113451 152572 192956 17018 46452 55990 9018 198417 197579 80982 131618 119500 77154 61298 79572 64714 79941 34261 1031 27468 78716 109193 120073 119112 14236 4374 68476
200
89673 93933 59427 3621 58149 50268 74337 13419 87117 27690 57510 4899 33654 421 441 279 17 273 236 349 63 409 130 270 23 158 174294 182574 115506 7038 113022 97704 144486 26082 169326 53820 111780 9522 65412 76622 80262 50778 3094 49686 42952 63518 11466 74438 23660 49140 4186 28756 165874 173754 109926 6698 107562 92984 137506 24822 161146 51220 106380 9062 62252 181451 190071 120249 7327 117663 101716 150419 27153 176279 56030 116370 9913 68098 61887 64827 41013 2499 40131 34692 51303 9261 60123 19110 39690 3381 23226 9683 10143 6417 391 6279 5428 8027 1449 9407 2990 6210 529 3634 185240 194040 122760 7480 120120 103840 153560 27720 179960 57200 118800 10120 69520 35364 37044 23436 1428 22932 19824 29316 5292 34356 10920 22680 1932 13272 174294 182574 115506 7038 113022 97704 144486 26082 169326 53820 111780 9522 65412 75780 79380 50220 3060 49140 42480 62820 11340 73620 23400 48600 4140 28440 146929 153909 97371 5933 95277 82364 121801 21987 142741 45370 94230 8027 55142 213 1 414 182 394 431 147 23 440 84 414 180 349 421 441 279 17 273 236 349 63 409 130 270 23 158 165606 59257 131599 95210 110848
200
173146 161463 187468 42612 192622 172130 35286 61898 78574 108407 35279 170887 113536 185889 175849 81712 185702 57082 142430 13777 20318 29351 97335 60689 86429 169104 149688 172081 8278 126767 163376 182320 12192 144932 166384 179270 2528 39961 138594 26898 24531 92495 45670 55626 132292 56656 40484 105961 12557 63212 121322 76067 197455 119094 32510 94462 198751 60493 101287 46220 62460 162414 127804 122079 124848 3542 150975 123393 78077 140099 147657 82853 9034 85699 115464 100126 102675 156840 185659 107318 8145 84562 103205 2564 182194 31400 28913 143304 110830 63338 24856 17449 32478 139297 157831 140047 196022 103760 165838 31039 109902 121131 145103 39561 21725 182133 153094 151859 159360 176778 129077 131227 157858 147047 178130 97604 132333 191969 146058 17103 48629 62398 30682 47162 153810 127994 149314 10595 153931 31604 68693 135744 156811 24874 162698 45985 30366 66718 102524 104381 60416 42408 169822 124414 20982 50120 69347 174184 86976 169510 194376 181298 96219 115221 193843 174544 27802 38969 23606 174810 57028 151465 93459 33748 14521 170204 121792 84332 177889 179700 164294 109337 82112 161028 52493 67810 156058 85208 110002 160742 94128 192707 10508 72781 101918 136803 134421 191042 176885 79240 184839 62280 30159 113833 10475 122818 68417 115231 158996 76693
200
1 1 0 1 1 0 1 0 0 1 1 1 0 1 1 0 0 0 0 0 0 1 1 1 0 1 1 0 0 0 1 0 0 0 1 1 0 0 0 0 0 0 1 1 0 0 0 0 0 1 1 0 1 1 1 0 0 1 0 0 0 1 1 1 0 0 1 0 0 0 0 1 0 1 0 1 0 0 0 0 0 0 1 1 1 0 1 0 0 1 0 0 0 1 0 0 0 0 1 0 1 0 1 1 1 0 1 1 1 0 1 1 1 0 1 0 0 1 0 1 1 0 1 1 0 1 0 1 1 1 1 1 0 0 0 0 0 1 0 0 0 0 0 1 0 1 1 0 0 0 1 1 0 1 0 0 1 1 0 1 0 0 1 0 1 1 1 1 1 0 1 0 0 0 0 1 1 1 1 0 0 1 1 0 0 1 1 1 0 1 0 1 1 1 1 0 1 1 0 0
200
1 1 1 1 0 1 1 0 1 0 0 0 1 1 1 1 1 1 0 0 0 1 1 0 0 1 0 1 1 1 1 0 0 0 0 0 0 1 0 0 1 1 1 1 0 0 0 1 0 0 1 1 1 1 1 0 0 1 0 1 1 0 0 0 0 0 0 0 0 1 0 1 0 0 1 1 1 0 1 1 1 1 1 0 1 0 0 1 1 0 1 1 0 1 1 1 0 0 1 0 1 1 0 1 1 0 0 1 0 0 1 0 1 1 1 1 0 1 0 1 1 0 1 1 0 1 1 1 0 0 1 0 0 1 0 0 0 1 0 0 1 0 1 0 1 1 1 0 1 1 0 1 0 1 1 1 1 1 0 0 0 1 1 0 0 0 0 1 0 1 0 0 0 1 1 1 1 0 0 1 0 1 1 0 1 0 1 1 1 1 0 1 1 0 0 0 1 1 0 1
200
200000 200000 200000 200000 200000 200000 200000 200000 200000 200000 200000 200000 200000 200000 200000 200000 200000 200000 200000 200000 200000 200000 200000 200000 200000 200000 200000 200000 200000 200000 200000 200000 200000 200000 200000 200000 200000 200000 200000 200000 200000 200000 200000 200000 200000 200000 200000 200000 200000 200000 200000 200000 200000 200000 200000 200000 200000 200000 200000 200000 200000 200000 200000 200000 200000 200000 200000 200000 200000 200000 200000 200000 200000 200000 200000 200000 200000 200000 200000 200000 200000 200000 200000 200000 200000 200000 200000 200000 200000 200000 200000 200000 200000 200000 200000 200000 200000 200000 200000 200000 200000 200000 200000 200000 200000 200000 200000 200000 200000 200000 200000 200000 200000 200000 200000 200000 200000 200000 200000 200000 200000 200000 200000 200000 200000 200000 200000 200000 200000 200000 200000 200000 200000 200000 200000 200000 200000 200000 200000 200000 200000 200000 200000 200000 200000 200000 200000 200000 200000 200000 200000 200000 200000 200000 200000 200000 200000 200000 200000 200000 200000 200000 200000 200000 200000 200000 200000 200000 200000 200000 200000 200000 200000 200000 200000 200000 200000 200000 200000 200000 200000 200000 200000 200000 200000 200000 200000 200000 200000 200000 200000 200000 200000 200000 200000 200000 200000 200000 200000 200000
200
109254 76070 37880 10382 189282 35717 147318 156758 163099 58156 71249 145406 109261 16330 77006 119486 127573 99650 57332 169777 2614 73602 13013 28970 116565 95838 104609 84000 164613 21348 1663 154281 165714 76887 153408 168000 70262 13907 55508 90570 115553 60547 128577 142822 16550 191469 146424 23338 37243 101455 160682 18601 133195 47889 21591 115525 71901 6570 196538 21441 73986 103629 172396 193441 178365 129523 151294 146164 14882 54567 39815 195195 43063 142169 132283 7035 126335 56817 65469 99086 40202 98415 97818 123674 157966 48431 86308 182305 77258 116499 157604 49690 104677 190869 26525 21446 28105 4293 94425 70649 34624 156448 8717 941 2799 177790 59822 153039 85001 23451 43525 30511 105545 143409 116659 137760 142642 34840 107175 97964 185327 95111 188159 193765 66675 198165 113611 96010 168644 78026 90343 169294 88046 195074 28007 132031 61355 43575 421 87615 163859 58171 10110 67673 25674 88699 85374 12344 73547 188709 23615 114429 99429 102930 177857 161743 17096 144800 23554 19995 197446 121789 58081 165752 137832 154010 77092 81984 14774 119066 1148 48896 152050 95770 69983 176230 6798 124734 14848 33660 177798 197844 92275 69146 174639 76410 10406 119884 80991 105471 16139 170802 129139 94559 183864 171868 167441 140947 15762 191807
200
131073 65537 65537 65537 131073 65537 131073 131073 131073 65537 131073 131073 65537 131073 131073 65537 65537 131073 65537 131073 65537 131073 65537 131073 131073 131073 65537 65537 65537 131073 131073 65537 131073 65537 131073 131073 131073 65537 131073 65537 131073 131073 65537 131073 131073 65537 131073 65537 131073 131073 65537 65537 131073 65537 65537 65537 131073 65537 65537 131073 131073 65537 131073 65537 65537 131073 131073 65537 131073 131073 65537 131073 65537 65537 65537 65537 65537 131073 131073 131073 131073 65537 65537 131073 65537 65537 131073 65537 131073 65537 131073 65537 131073 65537 131073 131073 65537 131073 131073 131073 65537 131073 65537 65537 131073 65537 65537 131073 131073 131073 131073 65537 65537 65537 131073 65537 131073 131073 65537 131073 65537 131073 131073 131073 65537 65537 131073 65537 65537 65537 131073 65537 131073 65537 131073 131073 65537 131073 131073 131073 65537 65537 65537 65537 65537 131073 65537 65537 131073 65537 65537 65537 131073 131073 131073 65537 131073 131073 65537 65537 65537 65537 131073 65537 131073 131073 65537 131073 131073 131073 131073 65537 131073 65537 131073 131073 65537 131073 65537 131073 65537 65537 65537 131073 131073 65537 65537 65537 131073 131073 65537 65537 65537 65537 65537 65537 65537 65537 131073 65537
200
46125 56625 23625 153375 65625 94125 82125 49125 157875 23250 121875 41943 51491 21483 139469 59675 85591 74679 44671 143561 21142 110825 9471 11627 4851 31493 13475 19327 16863 10087 32417 4774 25025 49446 60702 25326 164418 70350 100902 88038 52662 169242 24924 130650 54243 66591 27783 180369 77175 110691 96579 57771 185661 27342 143325 39975 49075 20475 132925 56875 81575 71175 42575 136825 20150 105625 28290 34730 14490 94070 40250 57730 50370 30130 96830 14260 74750 52521 64477 26901 174643 74725 107177 93513 55937 179767 26474 138775 35670 43790 18270 118610 50750 72790 63510 37990 122090 17980 94250 39606 48622 20286 131698 56350 80822 70518 42182 135562 19964 104650 48831 59947 25011 162373 69475 99647 86943 52007 167137 24614 129025 375 341 77 402 441 325 230 427 290 322 397 123 151 63 409 175 251 219 131 421 62 325 199499 129493 121686 126977 125766 146435 13709 56263 170111 70098 60038 173369 14906 24299 119034 84766 177766 11812 76409 180381 120532 28823 139692 153063 654 3787 153031 66612 103805 85655 192977 71073 135947 32839 40933 139276 190322 142717 174256 70143 191818 152234 149006 133689 89945 64901 98586 117535 30729 27504 130810 101450 176232 129594 755 3883 155471
200
69773 175508 25409 105800 43998 46874 96065 112400 132864 134 133458 180434 80587 49020 43107 109240 73374 2681 116021 126456 107250 157830 133258 80425 8298 47783 38955 175004 154695 118598 37937 139848 197684 158708 66716 165721 190828 73402 51418 177982 145176 167117 183828 198982 185893 164647 21036 182064 158206 10385 8996 131724 116909 59576 33917 108715 77618 93384 189577 168706 62489 61561 99755 100998 172280 178980 131985 128340 55298 50597 24499 172019 178381 61802 41340 20135 33531 134805 77851 57223 148575 186344 183972 175586 185326 132037 176997 193739 152011 23525 80962 74112 24428 175494 19153 4382 174828 128133 11966 56845 5591 184562 150084 138250 71705 67507 164198 84461 194385 30101 132208 63257 19470 18722 50254 45383 122658 48280 166354 192589 51709 43204 186208 109970 191464 58415 39619 8395 171765 144520 11374 197941 84054 171354 98105 109175 36564 51685 107841 147610 156770 187434 95361 59179 50384 81215 10314 5667 45206 62968 89139 194520 104148 152212 8933 143369 107128 86262 157560 124304 49240 12706 197731 194609 152829 26185 48076 112635 85629 168700 195758 159481 120536 191204 35597 32558 79101 149186 177529 110793 111198 87956 88483 112004 78750 41254 2667 192549 45250 69140 28800 93656 49327 172939 871 179862 138702 179358 167748 125663
200
157122 66564 2709 122679 95976 102942 21285 82818 67338 86688 181482 76884 3129 141699 110856 118902 24585 95658 77778 100128 18270 7740 315 14265 11160 11970 2475 9630 7830 10080 125860 53320 2170 98270 76880 82460 17050 66340 53940 69440 89320 37840 1540 69740 54560 58520 12100 47080 38280 49280 66178 28036 1141 51671 40424 43358 8965 34882 28362 36512 114086 48332 1967 89077 69688 74746 15455 60134 48894 62944 18270 7740 315 14265 11160 11970 2475 9630 7830 10080 87696 37152 1512 68472 53568 57456 11880 46224 37584 48384 58058 24596 1001 45331 35464 38038 7865 30602 24882 32032 387 447 45 310 220 163 281 45 216 143 406 172 7 317 248 266 55 214 174 224 168604 137468 23381 185856 66163 197706 68055 22678 143753 87926 187376 69351 140926 172236 18779 108568 198527 173648 145349 46732 158250 185590 76355 31854 29672 164819 50537 160880 19865 190730 104366 7496 190469 113464 171691 13185 199803 169833 29739 11536 38810 23549 28730 49282 22878 167330 96495 8653 9305 121659 81265 78821 170850 94674 199561 88625 138086 175367 135949 140418 58748 138406 132772 175269 146415 173847 57879 166557 56180 110468 15609 25623 89692 64679 183970 193798 99652 90306 136720 197480
200
197459 132050 29384 144960 31732 95377 17627 194278 65943 145445 165881 188811 157198 20032 110380 75571 151731 123465 179560 121869 25954 117167 121536 136966 17349 109985 57147 97474 38495 186517 144197 69890 170125 123173 101226 43626 68975 12686 148587 129441 64362 28514 180520 169404 185845 82715 28455 137557 25936 107212 146149 65447 161603 46540 52575 134164 87448 95602 157588 61361 82474 180198 194539 197001 101727 7974 9816 126147 95934 143830 88806 126563 54772 35254 152640 43335 128989 165891 30925 30396 69942 132440 126344 71813 171185 80667 195496 71256 161352 83030 94774 167267 11060 196377 101933 77819 187358 136779 56472 90700 109183 115849 196197 50634 129076 104042 9976 97068 2795 39712 50995 98219 33421 17529 116409 165948 81817 197434 51611 147805 93002 36532 61136 177499 152091 176857 192343 36487 9020 57635 167706 107780 87304 121007 123276 69496 25220 135170 42668 148787 149428 104369 148931 96164 166634 77450 130976 68522 92101 76370 112578 64429 105698 92259 37386 32941 178959 109252 152264 172995 163425 175294 115761 19540 193886 47214 120973 56570 131859 7556 102388 62704 195748 157147 142622 67270 13566 184291 121404 64035 97666 174380 40140 173820 145738 101269 165113 13765 118595 189161 162076 178558 192484 174654 66599 156770 19140 64567 55850 135048
200
1 1 1 1 1 1 1 1 1 1 1 1 1 1 1 1 1 1 1 1 1 1 1 1 1 1 1 1 1 1 1 1 1 1 1 1 1 1 1 1 1 1 1 1 1 1 1 1 1 1 1 1 1 1 1 1 1 1 1 1 1 1 1 1 1 1 1 1 1 1 1 1 1 1 1 1 1 1 1 1 1 1 1 1 1 1 1 1 1 1 1 1 1 1 1 1 1 1 1 1 1 1 1 1 1 1 1 1 1 1 1 1 1 1 1 1 1 1 1 1 1 1 1 1 1 1 1 1 1 1 1 1 1 1 1 1 1 1 1 1 1 1 1 1 1 1 1 1 1 1 1 1 1 1 1 1 1 1 1 1 1 1 1 1 1 1 1 1 1 1 1 1 1 1 1 1 1 1 1 1 1 1 1 1 1 1 1 1 1 1 1 1 1 1 1 1 1 1 1 1
200
93240 22644 80586 107226 131202 7992 15318 73593 80919 78921 98560 23936 85184 113344 138688 8448 16192 77792 85536 83424 71680 17408 61952 82432 100864 6144 11776 56576 62208 60672 123480 29988 106722 142002 173754 10584 20286 97461 107163 104517 71680 17408 61952 82432 100864 6144 11776 56576 62208 60672 25760 6256 22264 29624 36248 2208 4232 20332 22356 21804 75320 18292 65098 86618 105986 6456 12374 59449 65367 63753 44520 10812 38478 51198 62646 3816 7314 35139 38637 37683 100240 24344 86636 115276 141052 8592 16468 79118 86994 84846 67760 16456 58564 77924 95348 5808 11132 53482 58806 57354 333 352 256 441 256 92 269 159 358 242 280 68 242 322 394 24 46 221 243 237 101147 27699 14321 45556 138281 198848 172496 90642 84723 46007 111455 176876 123022 101238 87164 161145 141534 77458 190377 155840 138207 92388 126403 183856 19269 12705 25119 54954 141188 55747 106488 45533 38566 65442 180438 182679 197440 134086 58289 194238 197201 123997 13602 134093 193661 9489 90824 159250 16516 120169 118230 168450 744 22184 83462 191038 94971 107044 6345 35354 81664 193613 46470 119422 125623 76897 43069 27973 129493 65616 162105 176766 157285 31628 161679 94990 169056 169231 82362 77950
200
5170 25145 9165 7990 35485 38305 24440 79430 79195 32195 61335 1474 7169 2613 2278 10117 10921 6968 22646 22579 9179 17487 0 0 0 0 0 0 0 0 0 0 0 3124 15194 5538 4828 21442 23146 14768 47996 47854 19454 37062 6424 31244 11388 9928 44092 47596 30368 98696 98404 40004 76212 5236 25466 9282 8092 35938 38794 24752 80444 80206 32606 62118 6446 31351 11427 9962 44243 47759 30472 99034 98741 40141 76473 4950 24075 8775 7650 33975 36675 23400 76050 75825 30825 58725 7590 36915 13455 11730 52095 56235 35880 116610 116265 47265 90045 462 2247 819 714 3171 3423 2184 7098 7077 2877 5481 1210 5885 2145 1870 8305 8965 5720 18590 18535 7535 14355 235 67 0 142 292 238 293 225 345 21 55 22 107 39 34 151 163 104 338 337 137 261 190329 85728 23699 194141 118872 122343 163446 99546 163941 92423 161844 62090 108007 52055 100083 79496 160155 17348 77530 164453 180491 9847 21897 74640 159376 101030 13117 48202 136395 103159 152305 99677 56686 67803 190759 11323 97163 153814 125106 52243 160245 154285 157926 174269 142931 121097 155718 118373 179221 11111 194350 140322 135346 69492 189195 129542 13355
200
116807 29160 196127 63087 106350 5905 169789 169684 122760 12737 53206 34038 52563 64883 25582 16731 96762 156939 10660 16135 186469 65439 137998 179512 40542 72177 151597 47949 150016 164743 18767 88054 166676 34521 60971 150732 141511 46901 139699 159094 72358 120218 39484 131311 185384 91553 71313 20623 97095 54782 61804 103312 173437 195889 83425 13437 52797 54289 123248 199798 57030 88682 86301 43664 163096 132719 17199 77475 140523 90779 89858 147615 66995 14305 163198 23096 196682 166940 43949 121231 86543 98856 42866 189541 82833 43962 100997 34754 194266 110064 191097 188275 172273 94873 193463 2017 44997 121037 183081 135574 95422 116315 158223 88909 95527 75275 173587 48255 170882 176661 193100 177056 98032 40331 137920 34364 139759 199268 102819 163514 192790 93985 113313 42264 22403 188658 177763 69834 105155 142302 125511 128392 148406 180990 57045 131530 125803 139953 64991 71280 135020 95649 97844 98120 178930 182174 83565 196244 138490 14964 19012 113613 162763 18216 7460 110934 142252 95129 124196 73032 174269 109059 190388 107286 15142 30054 108414 147725 61706 102915 131397 167333 45997 45579 144105 4439 199098 25675 22006 35 31416 94153 23868 44601 35280 111390 161312 36594 13687 139964 50757 67819 82933 75290 22367 196187 176040 150471 72795 145484
200
0 0 0 0 0 0 0 0 0 0 0 0 0 0 0 0 0 0 0 0 0 0 0 0 0 0 0 0 0 0 0 0 0 0 0 0 0 0 0 0 0 0 0 0 0 0 0 0 0 0 0 0 0 0 0 0 0 0 0 0 0 0 0 0 0 0 0 0 0 0 0 0 0 0 0 0 0 0 0 0 0 0 0 0 0 0 0 0 0 0 0 0 0 0 0 0 0 0 0 0 838 115659 148590 172666 194357 12173 8447 12709 123511 71241 166792 96900 4020 28335 66198 131567 148334 95019 122496 141625 165465 126154 189807 196042 124250 1932 190935 93552 7913 29635 71631 114810 89208 6567 38377 35236 144948 91119 92134 83058 14311 149450 15492 174394 87393 80166 162550 99939 3475 169753 61868 76293 85174 127520 144563 61673 190146 104975 30495 41203 46369 61198 49525 126924 13343 105506 150706 162658 81509 88964 24073 127054 178764 139065 182768 23062 18494 162523 167442 174015 52491 22242 153202 196323 11055 69886 264 182277 139376 39850 72844 81077 108820 59565 190865 64298 154567 51760 113048 62161
200
96726 121806 46760 21560 52531 15211 48229 157808 140199 70434 36914 84772 129391 116492 13907 106785 194210 124141 110473 82391 15782 108988 195726 164617 70070 184684 70379 29871 115927 177387 108984 185501 69812 189859 67977 107863 16506 6680 137475 61699 39751 19060 25911 128168 72905 113456 96268 128451 67705 41396 19474 120902 61465 190949 51078 199911 194491 158645 118580 69468 98848 81138 73283 158522 147144 130102 75465 153808 45577 181655 194846 142597 191715 30228 108722 57692 140576 37996 157112 92856 191356 81773 132281 100863 180284 88201 76127 146573 8500 60238 85895 180852 192761 52533 34414 135412 164736 187191 166320 138344 70899 74505 120239 8858 64332 93741 164952 136745 6590 43907 78100 75366 79036 180866 143274 27121 48652 8577 33955 115349 160091 40845 166422 29909 197031 111780 196651 39542 77488 105216 124662 150846 161760 70031 27237 10522 181580 57430 53473 160611 79447 37563 39844 124637 62910 128835 145229 130823 145254 165580 114699 77377 133052 48750 116602 106181 98344 177855 157486 177598 92355 69925 11864 60944 77378 114061 7715 105662 75857 152886 45608 53087 103500 112508 130830 130193 6631 37542 108840 181673 19967 43639 182755 159042 173710 55788 193644 158797 162884 24262 18111 87851 51994 102539 175508 17784 184453 11099 84629 100744
200
61035 35490 47190 8190 46020 65715 3705 87165 9555 9077 5278 7018 1218 6844 9773 551 12963 1421 134277 78078 103818 18018 101244 144573 8151 191763 21021 22536 13104 17424 3024 16992 24264 1368 32184 3528 107985 62790 83490 14490 81420 116265 6555 154215 16905 5947 3458 4598 798 4484 6403 361 8493 931 78876 45864 60984 10584 59472 84924 4788 112644 12348 123635 71890 95590 16590 93220 133115 7505 176565 19355 86388 50232 66792 11592 65136 93012 5244 123372 13524 195 29 429 72 345 19 252 395 276 313 182 242 42 236 337 19 447 49 42507 28992 158029 728 178403 70782 135262 187061 142629 91815 199855 5545 152280 107860 88896 1390 66683 85844 89569 113581 137246 46499 34366 47288 14933 65290 105775 170071 107234 86759 109585 156241 105882 161146 171047 127723 111595 167950 180265 1794 171829 37598 178078 64593 55768 70883 149430 188839 74274 163507 57378 20599 30679 29415 45389 45990 31825 30881 50356 101495 115142 4865 94807 69839 193673 87684 194814 50417 161856 160070 75145 107944 46624 107895 166815 82026 83083 9661 134778 136761 97625 40286 113599 99491 67446 115114 117149 74570 144569 93052 72004 151254 197585 80624 66351 17880 191413 153560 103282 63582 22416
200
0 0 0 0 0 0 0 0 0 0 0 0 0 0 0 0 0 0 0 0 0 0 0 0 0 0 0 0 0 0 0 0 0 0 0 0 0 0 0 0 0 0 0 0 0 0 0 0 0 0 0 0 0 0 0 0 0 0 0 0 0 0 0 0 0 0 0 0 0 0 0 0 0 0 0 0 0 0 0 0 0 0 0 0 0 0 0 0 0 0 0 0 0 0 0 0 0 0 0 0 0 0 0 0 0 0 0 0 0 0 0 0 0 0 0 0 0 0 0 0 0 0 0 0 0 0 0 0 0 0 0 0 0 0 0 0 0 0 0 0 0 0 0 0 0 0 0 0 0 0 0 0 0 0 0 0 0 0 0 0 0 0 0 0 0 0 0 0 0 0 0 0 0 0 0 0 0 0 0 0 0 0 0 0 0 0 0 0 0 0 0 0 0 0 0 0 0 0 0 0
200
35208 124601 134177 65528 162150 57202 137836 149846 164239 82323 15978 44055 6343 133935 168567 153540 126334 98352 13131 151516 83564 156204 181562 11067 69949 167159 12318 144674 96838 11653 113472 93484 38514 116627 104427 101166 168817 82960 106164 115904 157674 186138 159790 513 130952 80728 12386 89747 135369 164766 190557 33358 56091 98607 148471 464 85223 102096 143151 51401 103917 32786 159468 117741 48230 116781 115479 60458 70291 114964 56156 126349 22597 176583 10175 151912 83805 153420 62722 85927 81085 151965 41335 130830 74170 73479 84674 176577 69006 143756 118132 158125 122496 124942 51508 169326 133378 33639 32855 73306 24442 194237 171026 181541 6495 165975 48268 113241 177810 89089 45597 138301 181554 27991 158176 43367 88248 107190 95141 164359 101584 44387 48258 56347 76562 34711 8868 34858 174523 53294 126301 154284 90287 71317 99786 44398 119356 174726 116713 184485 169407 134651 36163 21485 47371 151332 162204 56536 147074 86760 164426 10202 194703 197648 57188 39886 133396 185112 146290 81761 163730 3415 177410 147665 162631 191459 23696 75715 98340 30189 4443 85957 69504 160449 14627 97200 13027 92061 99937 34417 187167 100170 129468 162972 150190 88628 116016 48054 118150 175423 10494 104528 61896 180602 97764 164724 135344 167090 19071 69057
200
90731 78426 121119 112255 38220 54567 88435 19394 155850 163305 182929 178149 44301 47275 91822 127353 149980 48574 21656 156146 34278 16925 78817 137811 98071 48863 165331 91531 87012 66431 96130 5127 32990 11221 133031 35854 122969 123639 93655 60079 176256 139599 153622 109413 173193 102800 151647 120498 166010 121683 184705 33382 19956 1280 101659 82964 134452 14833 130833 50828 194634 162202 59497 163908 139529 98326 162393 13970 28626 34348 19026 184413 82109 54319 152704 50559 107386 92787 156108 103096 15248 161343 100459 77345 51428 141178 5256 17683 175823 13349 191563 22987 70411 85037 84304 78700 55523 86042 117068 174517 68345 154083 136474 147500 191566 39583 52918 87510 194712 21067 38429 100653 103018 25362 182058 6617 104635 176442 25982 155013 119208 37798 127808 161229 54041 87142 59361 156802 44416 75829 182031 157528 13956 42517 133635 195296 187363 129351 111758 140462 113804 28393 72594 15374 133545 159296 179120 18111 133782 167988 121741 170889 58902 106750 97998 922 122790 124286 5203 98982 173049 84719 198163 149252 20776 627 32867 25423 120817 128927 99844 148842 162515 156511 181333 104586 9315 134558 70603 132390 181923 94221 23158 129378 133817 6279 33400 80131 174333 41250 61175 35341 161675 126680 118607 153514 59964 186586 101447 120058
200
19832 19162 20502 12797 670 67 6231 27336 12529 28073 25460 24120 27202 59200 57200 61200 38200 2000 200 18600 81600 37400 83800 76000 72000 81200 98272 94952 101592 63412 3320 332 30876 135456 62084 139108 126160 119520 134792 89392 86372 92412 57682 3020 302 28086 123216 56474 126538 114760 108720 122612 123136 118976 127296 79456 4160 416 38688 169728 77792 174304 158080 149760 168896 93536 90376 96696 60356 3160 316 29388 128928 59092 132404 120080 113760 128296 119584 115544 123624 77164 4040 404 37572 164832 75548 169276 153520 145440 164024 109224 105534 112914 70479 3690 369 34317 150552 69003 154611 140220 132840 149814 1184 1144 1224 764 40 4 372 1632 748 1676 1520 1440 1624 81992 79222 84762 52907 2770 277 25761 113016 51799 116063 105260 99720 112462 82584 79794 85374 53289 2790 279 25947 113832 52173 116901 106020 100440 113274 76664 74074 79254 49469 2590 259 24087 105672 48433 108521 98420 93240 105154 97680 94380 100980 63030 3300 330 30690 134640 61710 138270 125400 118800 133980 67 200 332 302 416 316 404 369 4 277 279 259 330 296 286 306 191 10 1 93 408 187 419 380 360 406 72411 6639 184079 131158 85633
3
65537 65537 131073
