30
6
5 2 4 6 3 1
6
2 4 8 16 32 64
4
1 1 1
3
200000 200000 200000
200
0 0 0 0 0 0 0 0 0 0 0 0 0 0 0 0 0 0 0 0 0 0 0 0 0 0 0 0 0 0 0 0 0 0 0 0 0 0 0 0 0 0 0 0 0 0 0 0 0 0 0 0 0 0 0 0 0 0 0 0 0 0 0 0 0 0 0 0 0 0 0 0 0 0 0 0 0 0 0 0 0 0 0 0 0 0 0 0 0 0 0 0 0 0 0 0 0 0 0 0 106603 187350 52334 48293 56990 8625 150736 74448 140016 27464 60459 106638 32211 112139 151271 24195 176613 57455 114361 192872 98753 48812 115829 150459 92500 193544 70483 79869 189801 54767 43156 39916 54345 62634 182364 161500 134192 110087 67946 166689 9302 118797 73580 55869 105952 27431 172102 70166 122616 159383 137716 101344 157080 185229 127430 10070 130848 119347 117541 144561 116606 79015 115020 173559 154755 38024 183031 188868 48592 60833 195878 146150 92151 87799 188351 132620 145442 129620 128956 52299 53588 52932 196064 69097 14176 96200 137006 2826 81631 166564 120616 17859 152451 38979 97320 152610 37851 170862 199272 60867
3
65537 65537 131073
200
0 0 0 0 0 0 0 0 0 0 0 0 0 0 0 0 0 0 0 0 0 0 0 0 0 0 0 0 0 0 0 0 0 0 0 0 0 0 0 0 0 0 0 0 0 0 0 0 0 0 0 0 0 0 0 0 0 0 0 0 0 0 0 0 0 0 0 0 0 0 0 0 0 0 0 0 0 0 0 0 0 0 0 0 0 0 0 0 0 0 0 0 0 0 0 0 0 0 0 0 170792 105904 124065 22702 28676 98948 711 52147 6761 108989 37277 31472 158338 124300 2117 66565 121350 7831 63471 181222 52962 85011 128441 154191 191751 160555 180849 138083 17042 181706 178331 147026 36406 140153 63908 157396 82137 38203 85201 194460 146684 116749 186783 10253 163785 159367 158075 59110 50068 51643 125336 70031 81379 133733 47430 78059 56283 101618 73783 52217 24972 112463 19690 70213 85809 44629 108390 66074 47046 143823 90520 145610 172247 192357 109604 107429 111374 189180 94390 194032 79040 97708 160226 75523 23820 6596 32152 178591 9434 157417 137194 130557 119451 50954 72733 162376 188888 19537 176771 160551
200
19840 30504 72912 25296 18600 70928 92008 33232 86800 34720 53382 127596 44268 32550 124124 161014 58156 151900 4640 7134 17052 5916 4350 16588 21518 7772 20300 4880 7503 17934 6222 4575 17446 22631 8174 21350 19280 29643 70854 24582 18075 68926 89411 32294 84350 4960 7626 18228 6324 4650 17732 23002 8308 21700 7760 11931 28518 9894 7275 27742 35987 12998 33950 25520 39237 93786 32538 23925 91234 118349 42746 111650 5600 8610 20580 7140 5250 20020 25970 9380 24500 248 434 58 61 241 62 97 319 70 80 123 294 102 75 286 371 134 350 170319 132422 170267 180320 25680 20389 124363 83782 32487 27362 76199 59963 195263 193430 66043 161955 116875 141432 34413 20044 121399 141412 62346 131369 174435 8657 80894 5064 108881 104983 146614 62608 184619 87886 96305 45491 11425 96079 73001 56506 704 180382 11036 141341 7424 138726 144320 5174 193465 41871 144355 82540 97047 138643 113635 87099 157525 74058 189125 2994 4936 82261 25921 138213 80422 28880 84286 85742 168032 182102 171154 98201 38731 24436 160633 29900 95334 153095 13124 190008 57419 99305 119717 186193 6558 66297 22715 153632 177432 108991 53438 33271 46375 172916 116067 69727 58151 198962 22424 189250 93236
200
162716 86118 55612 21320 126753 166095 193634 109648 8639 3793 186947 56046 62997 186786 74780 41165 150993 170438 102214 133011 166187 162157 68137 187098 150618 76454 74953 51261 105797 47418 22878 77131 155488 183492 164226 20308 189542 106413 101420 112452 59868 23056 141072 127603 195977 186888 39180 191913 150481 101298 45547 29653 142366 116320 124978 150057 76607 198213 78166 61870 76925 70608 158667 160571 145507 37465 89054 6229 88688 197112 127286 152774 49291 112190 93981 117004 152591 110944 2465 62512 105063 82009 183716 36039 115375 140129 77879 95960 39490 125893 39997 71678 164767 96675 55839 39634 114806 199666 189842 26258 29082 117949 145024 26722 16154 147352 23374 84559 136673 13924 183926 7659 52315 189347 98404 67351 147924 77068 62079 45413 79551 135192 169502 53318 29402 47781 69996 153921 49322 8403 50361 11844 169316 35847 165115 133630 186048 160919 76146 183909 129184 17774 158052 87018 181847 159915 198381 125826 107915 130687 189045 191151 86244 10130 57007 173604 74576 18776 29929 182023 78901 39513 34055 131834 99131 83957 30808 63826 8299 160602 137508 25195 117077 80905 129646 22857 196574 41820 146361 117220 88729 16396 169076 135042 58277 61996 173443 169825 11007 193356 193634 84721 120915 53332 80708 750 27656 32910 99860 30449
200
35409 61567 55187 73689 131428 63162 106865 0 15950 25197 43811 39271 52437 93524 44946 76045 0 11350 36963 64269 57609 76923 137196 65934 111555 0 16650 22089 38407 34427 45969 81988 39402 66665 0 9950 14985 26055 23355 31185 55620 26730 45225 0 6750 22977 39951 35811 47817 85284 40986 69345 0 10350 12432 21616 19376 25872 46144 22176 37520 0 5600 35742 62146 55706 74382 132664 63756 107870 0 16100 33966 59058 52938 70686 126072 60588 102510 0 15300 319 227 333 199 135 207 112 322 306 111 193 173 231 412 198 335 0 50 48487 39448 87750 71250 192401 157106 109623 2658 139711 63410 6159 196665 9509 82551 15891 75213 5786 169984 91597 23266 148176 7488 151478 103720 132482 10038 48100 190283 98421 2476 182482 38240 189451 186688 122605 72195 159414 189320 27073 92326 30658 59584 131490 154717 73277 146979 165776 28230 120724 47602 189312 125262 30407 48163 20255 117773 114918 46728 171240 199406 69641 61270 18975 59214 19574 47259 141606 35060 191213 77558 195711 159292 96021 91855 168456 57817 98101 3355 65538 83263 78078 145508 96862 136248 189318 85477 135502 62441 91829 91018 115921 132286 37015 71443 123033 175175 111849 117847 36136 106729 14490
200
129580 46816 93632 126236 19228 99902 41800 92378 45980 25080 138358 73150 12400 4480 8960 12080 1840 9560 4000 8840 4400 2400 13240 7000 79360 28672 57344 77312 11776 61184 25600 56576 28160 15360 84736 44800 101680 36736 73472 99056 15088 78392 32800 72488 36080 19680 108568 57400 109740 39648 79296 106908 16284 84606 35400 78234 38940 21240 117174 61950 8370 3024 6048 8154 1242 6453 2700 5967 2970 1620 8937 4725 79670 28784 57568 77614 11822 61423 25700 56797 28270 15420 85067 44975 68510 24752 49504 66742 10166 52819 22100 48841 24310 13260 73151 38675 116560 42112 84224 113552 17296 89864 37600 83096 41360 22560 124456 65800 22010 7952 15904 21442 3266 16969 7100 15691 7810 4260 23501 12425 25730 9296 18592 25066 3818 19837 8300 18343 9130 4980 27473 14525 20460 7392 14784 19932 3036 15774 6600 14586 7260 3960 21846 11550 418 40 256 328 354 27 257 221 376 71 83 66 310 112 224 302 46 239 100 221 110 60 331 175 87234 144524 6825 132260 51066 177090 8166 105504 28703 26708 3784 47945 65730 89802 157375 138321 160173 63536 75478 120070 72814 173980 198214 190296 61823 198327 16261 46067 96663 44990 63124 184567
200
165121 192665 66557 97640 130806 61856 135208 81626 98331 5566 72236 118617 20250 17825 101836 60050 21813 102607 183966 88947 115111 71954 44882 72967 102036 132488 14983 16487 109252 146376 157439 14642 163410 15167 113591 2698 68141 47917 87383 23280 41520 112354 156323 108012 30525 35959 56049 184668 18193 65953 51019 39911 15671 186165 141273 199563 155810 95682 14594 171143 34232 86112 92677 180578 64984 177858 66110 54463 2166 143705 184814 70973 178489 86291 182952 121705 72463 130526 9999 18158 166999 80887 172997 39295 106381 17914 127323 178366 178818 98186 130714 122554 11477 53304 127987 5936 26651 23141 143683 96084 38891 152170 123551 67618 110435 96065 124150 29771 91934 101229 28703 105011 14897 160450 25719 22460 10461 6968 155944 181921 198396 41618 122775 169792 103508 6131 60352 44931 115246 131967 71573 22221 147929 97570 193128 29996 79503 87831 58000 104659 62095 4381 6695 193424 51432 102489 110219 194937 137010 50209 191866 38885 92423 172155 371 187328 185173 185770 173110 67873 134472 141571 6601 41035 185985 58769 157168 58562 188903 108919 52678 66639 125396 38766 140961 109217 68293 135940 3787 128781 40896 73404 42887 189292 122621 76245 90764 25233 12989 45100 667 8958 164903 88077 135158 44262 158244 67570 24462 97720
200
131073 65537 65537 131073 131073 131073 131073 131073 65537 131073 65537 131073 65537 131073 65537 65537 131073 131073 65537 131073 131073 131073 65537 65537 65537 65537 131073 131073 65537 131073 131073 131073 65537 65537 65537 65537 131073 131073 131073 131073 131073 65537 65537 131073 131073 131073 65537 131073 65537 65537 131073 65537 131073 65537 131073 65537 131073 131073 65537 65537 65537 65537 131073 65537 131073 131073 131073 131073 65537 65537 131073 131073 131073 131073 131073 131073 131073 131073 65537 65537 131073 131073 65537 65537 131073 65537 65537 131073 65537 131073 65537 65537 65537 131073 131073 131073 131073 65537 131073 65537 65537 65537 131073 131073 131073 131073 131073 65537 131073 65537 131073 65537 65537 65537 65537 131073 65537 65537 65537 65537 65537 131073 131073 65537 131073 65537 65537 131073 65537 131073 65537 65537 65537 131073 131073 65537 65537 65537 131073 131073 65537 65537 131073 131073 131073 131073 131073 65537 131073 131073 65537 65537 131073 131073 65537 65537 65537 65537 131073 65537 65537 131073 131073 65537 131073 65537 131073 65537 65537 131073 65537 65537 65537 131073 65537 65537 65537 65537 131073 131073 65537 65537 131073 131073 131073 65537 65537 131073 131073 131073 65537 65537 65537 131073 131073 65537 65537 131073 65537 131073
200
0 0 0 0 0 1 0 1 0 0 0 0 1 1 0 1 0 0 0 1 0 1 0 1 1 1 1 0 0 0 1 1 0 1 0 1 0 0 1 1 1 0 0 0 1 0 1 1 1 1 1 0 0 1 1 0 1 0 1 1 1 0 0 0 1 0 1 1 0 1 0 0 0 0 0 1 1 0 1 1 0 0 0 1 1 1 0 0 1 0 1 1 1 0 1 1 1 1 1 1 0 0 0 0 1 1 1 0 0 1 0 1 0 0 1 1 0 1 0 0 0 0 1 1 0 1 0 0 0 0 0 1 1 1 1 1 1 0 0 1 1 1 0 1 0 0 0 0 0 1 1 0 0 0 1 1 1 0 1 1 0 0 0 0 1 1 0 1 1 1 0 1 0 0 1 1 1 0 1 0 1 0 1 0 0 0 0 1 0 0 1 0 0 0 1 1 1 1 0 0
200
150868 137014 5560 2649 70016 172988 53734 169289 135265 85568 92009 124651 193231 149903 52026 96525 32959 103060 122907 129784 140095 50122 47708 71386 176137 148859 179362 57334 23428 135534 119152 151633 19758 125347 134340 6683 140846 76385 22469 30871 68935 25966 183936 76552 66053 110128 57775 198537 83405 34687 5215 150566 2386 70746 450 95658 65745 2265 160366 111370 76666 130062 32751 160208 50764 193587 89126 122068 66836 107614 38210 161792 60116 136831 162982 81370 40288 186725 138873 38801 193330 129974 45138 143541 104067 48041 64275 24836 134577 195908 113894 9742 157844 97368 187745 97520 174840 188312 188208 13316 117415 121831 173562 127452 165069 9699 69347 1536 952 26741 137918 30305 186711 111489 154693 99488 122515 62229 71809 135650 83435 106003 75117 157747 72267 49563 4803 68030 69147 24619 44583 117917 199932 164751 143679 99638 22067 8624 7770 22203 141390 30155 22848 193533 25850 89493 108144 62009 116930 122112 145711 171452 161111 59425 146030 161117 6540 109343 167597 131031 8856 146205 104424 70085 5408 90040 183988 89910 65721 87347 152157 135698 116001 83215 42046 89183 1118 94365 197687 22149 68604 136101 1882 5350 184461 51275 72792 101447 188884 54664 11897 5538 16851 190985 152516 6999 29135 17284 165215 24502
200
94428 162613 157710 128605 27148 137604 58370 193684 163975 27999 118851 69273 145504 5530 56337 187064 68699 12898 55936 175732 158057 185623 178053 25703 135493 26964 53585 168313 97311 150608 17384 160218 171817 196858 90630 60269 91837 155450 97970 41769 88754 103072 67857 172183 106866 82895 180416 148961 66653 109928 151327 65180 189980 102779 123052 112875 90354 178171 99546 51399 47573 119395 55179 96169 104065 33145 97744 86219 125240 97694 3091 158364 171826 44028 70081 186323 102526 62192 92307 121636 47242 116197 2574 3215 177501 168041 23061 160591 187673 60166 116749 61197 113545 141899 57145 3106 157017 41614 66672 42613 2932 97328 153223 93892 195723 58748 50259 140795 70294 93146 51196 32658 158475 161207 115215 63034 118623 48182 19990 3606 64255 24933 84279 114651 73440 61371 70484 4033 71682 113700 27564 43339 117100 20928 62147 92742 110020 92792 162654 176122 82587 151358 61619 192253 162127 167481 19509 168273 57173 2952 26757 27973 37404 195121 158337 63923 148886 164649 81424 37729 136253 76454 182108 152913 185457 170755 18033 64942 116757 34919 38700 110380 78680 83056 20977 16445 51173 157243 184064 122394 161657 173351 94242 40628 183912 71834 189622 181917 31230 26174 26885 53708 75083 98241 36805 46976 50393 158955 146240 110770
200
1 1 1 1 1 1 1 1 1 1 1 1 1 1 1 1 1 1 1 1 1 1 1 1 1 1 1 1 1 1 1 1 1 1 1 1 1 1 1 1 1 1 1 1 1 1 1 1 1 1 1 1 1 1 1 1 1 1 1 1 1 1 1 1 1 1 1 1 1 1 1 1 1 1 1 1 1 1 1 1 1 1 1 1 1 1 1 1 1 1 1 1 1 1 1 1 1 1 1 1 1 1 1 1 1 1 1 1 1 1 1 1 1 1 1 1 1 1 1 1 1 1 1 1 1 1 1 1 1 1 1 1 1 1 1 1 1 1 1 1 1 1 1 1 1 1 1 1 1 1 1 1 1 1 1 1 1 1 1 1 1 1 1 1 1 1 1 1 1 1 1 1 1 1 1 1 1 1 1 1 1 1 1 1 1 1 1 1 1 1 1 1 1 1 1 1 1 1 1 1
200
200000 200000 200000 200000 200000 200000 200000 200000 200000 200000 200000 200000 200000 200000 200000 200000 200000 200000 200000 200000 200000 200000 200000 200000 200000 200000 200000 200000 200000 200000 200000 200000 200000 200000 200000 200000 200000 200000 200000 200000 200000 200000 200000 200000 200000 200000 200000 200000 200000 200000 200000 200000 200000 200000 200000 200000 200000 200000 200000 200000 200000 200000 200000 200000 200000 200000 200000 200000 200000 200000 200000 200000 200000 200000 200000 200000 200000 200000 200000 200000 200000 200000 200000 200000 200000 200000 200000 200000 200000 200000 200000 200000 200000 200000 200000 200000 200000 200000 200000 200000 200000 200000 200000 200000 200000 200000 200000 200000 200000 200000 200000 200000 200000 200000 200000 200000 200000 200000 200000 200000 200000 200000 200000 200000 200000 200000 200000 200000 200000 200000 200000 200000 200000 200000 200000 200000 200000 200000 200000 200000 200000 200000 200000 200000 200000 200000 200000 200000 200000 200000 200000 200000 200000 200000 200000 200000 200000 200000 200000 200000 200000 200000 200000 200000 200000 200000 200000 200000 200000 200000 200000 200000 200000 200000 200000 200000 200000 200000 200000 200000 200000 200000 200000 200000 200000 200000 200000 200000 200000 200000 200000 200000 200000 200000 200000 200000 200000 200000 200000 200000
200
41919 145255 134383 183121 163905 1431 132089 119849 48919 88386 186707 35258 146387 97129 63239 3386 69035 37591 96755 108128 83682 176144 135498 57713 51502 32725 33416 98566 66660 117714 172796 197299 120295 89254 169991 89498 2349 49957 90175 160444 170707 48708 153852 150491 93870 99597 105471 160332 49117 92699 145489 194152 127431 46538 80231 21525 13150 33580 40857 174421 117872 35106 130101 142648 105654 66239 72851 122111 9089 116229 59953 49334 34194 44183 97175 171978 116353 90714 133349 25296 7734 110992 76248 13437 38046 165713 28819 76664 521 81635 38435 84059 90962 109387 91768 15052 125863 193103 73079 172146 12215 13952 133631 106189 27869 138282 86796 72157 168391 192995 78874 10882 189261 125490 133735 78099 84307 109786 133595 175055 173918 170354 13346 79909 38006 1516 185358 20055 114300 126118 39542 84176 160774 162856 195850 105107 51529 41151 47679 91717 134107 124635 172560 128192 42933 184699 87730 20533 42716 67155 16489 190680 17345 35934 94019 44210 96184 32222 125135 54198 188348 125255 88477 82350 189598 5965 78982 51786 138613 188067 175478 9406 103839 71815 6592 19531 99970 169872 32537 8234 504 198592 55515 32729 163893 188403 35407 157804 177039 135545 24108 27811 96332 153452 195616 173951 16551 141160 154142 2556
200
70455 113120 149730 43699 179236 135362 151927 7568 18741 114912 199009 88120 179955 45646 30813 199252 156101 149091 151167 37050 153681 173958 184216 68037 5440 92343 165988 176193 41823 150684 199400 39426 154374 29481 161624 37536 133532 102862 167042 175849 2678 85061 159614 13687 127209 127416 142297 171676 40502 157335 172793 4376 55759 107231 24519 136524 199311 113289 133419 167088 151817 189985 127733 138824 173126 178122 114024 27685 195616 37301 51372 106952 66736 19061 144687 139753 137172 156275 17403 75017 96669 183803 163130 95872 179691 157127 118133 168398 64137 155286 158824 48110 195467 14888 69645 114633 16385 89295 144121 30944 197139 138972 171524 105997 51765 20127 56943 159268 16534 125401 146314 173349 124171 99490 60856 35098 17995 170513 56216 143289 168908 38828 73417 9550 88937 138046 117420 115757 60978 19259 149519 92347 159597 90918 45859 122736 99737 88902 170149 81592 12947 144321 167085 62253 154172 97668 76246 98007 116696 111096 116310 158967 7698 195105 157701 77415 53708 158201 190841 63895 87264 102502 106834 199478 90614 17775 18212 111940 197439 26591 59202 196262 184861 97742 53536 115791 168869 21853 94211 183003 101689 157570 57972 94376 26410 112324 17149 86921 83273 84879 33703 140440 123481 133561 125934 192752 51216 48237 40446 147575
200
70197 172598 199296 23103 148287 193876 194435 142363 75268 82014 45538 188162 197241 134220 14498 121215 52695 87731 29378 43669 64601 21051 65121 65591 9485 36498 169206 141213 171261 98593 61164 178809 6091 108308 86004 34667 177271 32526 179211 24789 112551 69658 98832 77986 181156 142523 176161 66381 42556 135427 197910 142627 18522 157121 8507 43997 162005 2679 165801 189413 185151 146031 113888 114519 165285 199201 100073 111479 76241 192760 120698 18643 49598 88009 65556 51987 10543 47803 124243 17454 129316 143092 34533 47465 56100 180954 120 59974 129100 176592 31743 136267 35040 92120 143640 60523 81364 175777 110245 70062 87648 169786 15003 186464 183073 157867 46462 181664 122644 56825 47382 131480 23035 56030 108475 115511 32387 95047 157155 70914 45766 45734 73873 191741 8918 181776 172278 53394 36291 120443 65753 179658 198071 45581 106764 117333 82322 131908 101067 197949 80312 61949 133398 130791 68494 146468 35699 113743 183161 101423 104940 175238 181188 160305 20884 46966 97165 115327 93696 39874 86307 116721 173183 116735 151514 113422 140641 152543 29309 137089 128443 27683 190740 135247 56154 129311 116326 10910 157533 26413 89199 177345 7352 24181 49691 56374 24718 132586 76653 116680 33403 182427 43296 89630 115509 86709 13297 36050 15545 16606
200
0 0 0 0 0 0 0 0 0 0 0 0 0 0 0 0 0 0 0 0 0 0 0 0 0 0 0 0 0 0 0 0 0 0 0 0 0 0 0 0 0 0 0 0 0 0 0 0 0 0 0 0 0 0 0 0 0 0 0 0 0 0 0 0 0 0 0 0 0 0 0 0 0 0 0 0 0 0 0 0 0 0 0 0 0 0 0 0 0 0 0 0 0 0 0 0 0 0 0 0 0 0 0 0 0 0 0 0 0 0 0 0 0 0 0 0 0 0 0 0 0 0 0 0 0 0 0 0 0 0 0 0 0 0 0 0 0 0 0 0 0 0 0 0 0 0 0 0 0 0 0 0 0 0 0 0 0 0 0 0 0 0 0 0 0 0 0 0 0 0 0 0 0 0 0 0 0 0 0 0 0 0 0 0 0 0 0 0 0 0 0 0 0 0 0 0 0 0 0 0
200
16988 5580 14384 15128 3968 9796 21142 26226 1178 1922 9610 11234 3690 9512 10004 2624 6478 13981 17343 779 1271 6355 71240 23400 60320 63440 16640 41080 88660 109980 4940 8060 40300 86858 28530 73544 77348 20288 50086 108097 134091 6023 9827 49135 36168 11880 30624 32208 8448 20856 45012 55836 2508 4092 20460 75898 24930 64264 67588 17728 43766 94457 117171 5263 8587 42935 95352 31320 80736 84912 22272 54984 118668 147204 6612 10788 53940 90694 29790 76792 80764 21184 52298 112871 140013 6289 10261 51305 26578 8730 22504 23668 6208 15326 33077 41031 1843 3007 15035 81378 26730 68904 72468 19008 46926 101277 125631 5643 9207 46035 117272 38520 99296 104432 27392 67624 145948 181044 8132 13268 66340 62 41 260 317 132 277 348 331 97 297 428 274 90 232 244 64 158 341 423 19 31 155 170351 48235 59965 48321 79879 154189 158672 151910 103408 25037 102727 120901 41609 49909 148101 93387 58650 174804 196989 124455 151665 110207 129619 51991 194342 7166 28938 185965 80817 172359 42142 5204 77310 145812 104740 149791 198994 19010 1578 121014 155752 34987 1956 10429 185106 127447 24463 33144 98997 116141 105299 21824 163821 187335 144680 30130 194669
200
19710 9900 4950 12735 15660 13455 5715 9270 9135 31974 16060 8030 20659 25404 21827 9271 15038 14819 180456 90640 45320 116596 143376 123188 52324 84872 83636 11826 5940 2970 7641 9396 8073 3429 5562 5481 32412 16280 8140 20942 25752 22126 9398 15244 15022 136656 68640 34320 88296 108576 93288 39624 64272 63336 100302 50380 25190 64807 79692 68471 29083 47174 46487 119136 59840 29920 76976 94656 81328 34544 56032 55216 3942 1980 990 2547 3132 2691 1143 1854 1827 45 73 412 27 74 312 229 272 9 438 220 110 283 348 299 127 206 203 54089 93068 109800 126943 82811 11792 186180 121765 198184 163501 16780 30407 190004 80675 140901 141246 92201 100709 93163 172372 66055 173463 188526 120750 107462 17093 51748 113191 60934 85925 4908 165362 42607 97561 187449 44088 153540 83045 170346 84889 84385 57320 135241 79677 74601 24863 100867 31306 6789 110749 56192 26039 182625 45731 42057 32087 154366 135158 15749 59475 90084 112788 39456 41731 86829 161733 166614 173782 114554 143612 128164 112932 44612 116310 61245 188763 37968 118933 70895 144628 38107 138532 198668 184070 83743 137643 145988 133778 23375 92649 43742 21817 196263 95511 22247 194994 13344 125099 68618 164712 104080
200
32135 137352 41432 63830 96373 32615 135895 70491 133018 59606 176998 105102 50500 20771 182021 175850 193472 189690 84514 97742 194284 90036 73735 124542 116417 149909 45811 162994 176849 15740 30342 50280 128620 142860 1866 148762 152702 96920 97751 159297 99506 53317 94431 162725 77595 163542 27830 100666 133185 88509 103813 98303 81714 8226 93964 152376 161979 29662 158537 175029 194614 66992 4362 100178 158780 118769 91924 115471 129026 9063 137876 103208 136107 47248 92244 72250 197414 52558 47039 40509 168753 149933 21563 76047 130765 133961 20576 27368 108732 85214 128578 19091 111521 105338 147314 164082 45700 13096 198897 122682 174345 65610 92225 93511 159438 176833 31716 28985 70518 147690 103632 55269 28486 94711 172992 199580 81566 70758 114879 111076 150295 93378 77500 133393 23837 77116 122194 128194 89757 105562 22146 133843 96341 192182 112425 120584 44051 23965 167163 110356 31490 144289 190571 33578 104706 182480 14301 78012 107682 49592 124869 20231 191283 180812 167327 175717 157652 112362 61649 197662 112749 170367 68126 165866 167286 103224 120100 132602 55504 133238 157874 143142 45845 150272 112793 198689 58279 184581 162757 136014 65880 112807 155402 119154 83476 136274 86117 82683 25389 141277 22142 2176 92751 23286 150204 196961 196021 5945 101486 108026
200
1 1 1 0 1 1 0 1 0 0 0 0 0 0 0 1 1 0 1 1 0 1 0 0 1 1 1 0 1 1 0 1 1 1 0 0 0 1 1 0 0 0 1 1 0 0 0 0 1 1 0 0 0 0 1 1 0 1 0 0 0 1 1 1 1 0 0 1 0 0 0 0 0 1 1 1 0 1 0 1 0 0 0 1 1 1 0 1 1 1 1 0 0 0 1 1 0 0 1 1 1 1 1 1 0 0 1 1 1 0 0 0 0 0 1 0 0 1 0 0 0 1 1 0 1 1 0 0 0 0 1 1 1 0 1 0 1 0 0 0 0 0 1 0 1 1 0 0 0 1 0 1 0 0 1 1 0 1 1 1 1 1 0 1 1 1 0 1 1 1 1 0 0 1 0 0 0 0 0 1 0 1 1 1 1 0 1 0 1 0 0 1 0 0 1 0 0 1 1 0
200
1740 32277 10614 29754 25143 21837 3915 35235 24882 11310 7760 143948 47336 132696 112132 97388 17460 157140 110968 50440 6000 111300 36600 102600 86700 75300 13500 121500 85800 39000 1640 30422 10004 28044 23698 20582 3690 33210 23452 10660 3260 60473 19886 55746 47107 40913 7335 66015 46618 21190 2080 38584 12688 35568 30056 26104 4680 42120 29744 13520 4040 74942 24644 69084 58378 50702 9090 81810 57772 26260 7280 135044 44408 124488 105196 91364 16380 147420 104104 47320 3860 71603 23546 66006 55777 48443 8685 78165 55198 25090 8700 161385 53070 148770 125715 109185 19575 176175 124410 56550 87 388 300 82 163 104 202 364 193 435 20 371 122 342 289 251 45 405 286 130 11997 2981 8112 151961 90833 138004 109717 127702 161055 106100 51645 106353 164188 172485 4628 186265 78682 118829 215 39568 139566 17462 186629 130476 198980 98815 144406 64826 141730 41335 84313 139674 11491 117115 16405 143887 107491 159105 60011 32574 166685 100022 157720 198994 90983 48570 92135 196471 180817 185772 118129 187026 20979 39625 18356 155024 69932 98709 137068 60699 18879 177147 60062 43752 152393 187085 41207 18058 40079 123345 23721 199141 44031 125399 76013 58459 100400 25898 2537 143337
200
125887 91712 15480 191088 70479 91850 142964 46556 8074 91113 8401 143266 57260 171432 67259 40306 56185 107344 102236 33293 192460 159869 84438 198676 153273 82146 63600 43662 107013 1731 9240 153376 184807 90681 199462 1520 133296 146148 81100 184469 134654 46418 123177 75693 90196 182061 141028 179056 16081 118169 41051 105969 99952 129350 194036 118742 81483 22539 90818 34860 122762 109282 93175 159550 58077 5584 168938 169095 34923 136848 86345 43655 166729 61868 49767 42058 37035 196252 177442 177589 76835 77868 72674 20127 51374 162653 126641 162609 140608 189302 33224 197822 21587 182877 163008 61739 46605 111497 75298 68495 128078 151844 179087 35425 21150 44812 143887 134564 79973 198560 168209 146270 153334 63901 111056 187155 175757 126571 170583 189092 119299 145483 13632 153202 109193 194409 189609 36710 91094 162184 160094 108985 52004 100336 94244 126483 172058 117228 41463 176623 46312 92922 43364 14513 9305 185136 115855 168418 104672 164546 138721 158666 120242 24210 73552 149035 16388 8428 79316 178609 62867 20872 106449 190171 173619 185746 92085 54151 37487 62503 100639 22396 72684 105553 155807 74220 41384 55928 127107 123580 120602 22763 1296 175435 198185 103284 193951 134694 103169 198735 84238 146057 37354 142071 165294 100396 191884 169112 140240 17885
200
10556 21576 8990 6322 15428 14152 16124 4872 12354 25346 20706 24128 27118 55428 23095 16241 39634 36356 41422 12516 31737 65113 53193 61984 77168 157728 65720 46216 112784 103456 117872 35616 90312 185288 151368 176384 12740 26040 10850 7630 18620 17080 19460 5880 14910 30590 24990 29120 12012 24552 10230 7194 17556 16104 18348 5544 14058 28842 23562 27456 60970 124620 51925 36515 89110 81740 93130 28140 71355 146395 119595 139360 10556 21576 8990 6322 15428 14152 16124 4872 12354 25346 20706 24128 61152 124992 52080 36624 89376 81984 93408 28224 71568 146832 119952 139776 33306 68076 28365 19947 48678 44652 50874 15372 38979 79971 65331 76128 38584 78864 32860 23108 56392 51728 58936 17808 45156 92644 75684 88192 4550 9300 3875 2725 6650 6100 6950 2100 5325 10925 8925 10400 20202 41292 17205 12099 29526 27084 30858 9324 23643 48507 39627 46176 58 149 424 70 66 335 58 336 183 212 25 111 182 372 155 109 266 244 278 84 213 437 357 416 63480 160115 24378 34356 50120 155824 121820 31189 180525 156324 91343 80594 10389 75309 40477 46586 107066 188088 44633 22685 57031 114470 148392 187812 28133 120494 176118 142804 99762 79763 192397 44048
200
69252 175518 158802 132534 97908 142484 81590 169150 12736 68904 174636 158004 131868 97416 141768 81180 168300 12672 9396 23814 21546 17982 13284 19332 11070 22950 1728 54288 137592 124488 103896 76752 111696 63960 132600 9984 60378 153027 138453 115551 85362 124226 71135 147475 11104 38976 98784 89376 74592 55104 80192 45920 95200 7168 14442 36603 33117 27639 20418 29714 17015 35275 2656 33408 84672 76608 63936 47232 68736 39360 81600 6144 68208 172872 156408 130536 96432 140336 80360 166600 12544 398 396 54 312 347 224 83 192 392 174 441 399 333 246 358 205 425 32 143945 29931 90221 103264 183277 61403 183143 157431 25729 130096 136021 44354 82009 9322 75523 152238 104078 172283 189739 175631 52044 78021 99315 161698 39882 69769 95015 83982 105896 96877 122765 42025 24063 128484 11912 49411 165876 127778 114150 43935 193702 165213 134729 83975 121746 97074 56912 182145 189702 2226 102758 158616 77580 191459 93698 140363 120134 31521 122948 170684 121078 15729 184761 57996 172441 104079 4553 159096 685 79946 10087 92397 28622 100449 139185 108422 139722 103496 171277 5054 104255 198291 113739 160513 134325 109001 19264 103499 189555 13094 93804 178447 28167 23775 127065 187081 850 94648 2411 69581 123585
