30
6
5 2 4 6 3 1
6
2 4 8 16 32 64
3
1 1 1
3
200000 200000 200000
200
74782 84512 89794 93686 109254 47538 120652 119818 46704 12232 63484 71744 76228 79532 92748 40356 102424 101716 39648 10384 4304 4864 5168 5392 6288 2736 6944 6896 2688 704 110559 124944 132753 138507 161523 70281 178374 177141 69048 18084 57835 65360 69445 72455 84495 36765 93310 92665 36120 9460 95226 107616 114342 119298 139122 60534 153636 152574 59472 15576 32818 37088 39406 41114 47946 20862 52948 52582 20496 5368 76665 86640 92055 96045 112005 48735 123690 122835 47880 12540 24210 27360 29070 30330 35370 15390 39060 38790 15120 3960 6187 6992 7429 7751 9039 3933 9982 9913 3864 1012 278 236 16 411 215 354 122 285 90 23 269 304 323 337 393 171 434 431 168 44 130842 127394 198838 65837 145383 30136 193268 175175 87814 89524 143454 106230 78076 41973 166270 54328 159590 198609 95868 55214 124283 146466 153339 115901 30666 43267 42075 160737 167303 64774 58427 111115 69504 182055 69083 122780 147381 63720 111640 136784 168063 184947 108812 44045 182635 195849 64285 4199 199168 186734 167983 147177 189449 177992 16759 155491 132088 144981 100133 137867 11379 44759 34679 113812 123266 70803 141776 109593 66840 59241 8367 19297 12562 135177 177160 102364 11788 72970 60258 148482
200
114460 73804 38413 188607 115126 60319 156351 104160 171628 106825 165338 52956 87978 171742 175941 156334 23015 6480 192013 50696 197417 67126 43360 171653 67215 126715 158990 167925 136011 129319 49075 25414 155210 31251 96462 45985 3519 34238 162943 54221 165306 146214 33882 195884 175860 11104 120029 12497 63809 160575 120691 41987 45481 182575 3299 15626 102459 177944 152065 82374 135878 140333 140050 73563 109072 58441 29665 161452 30027 181061 94795 2972 8396 152400 62773 77682 191089 61730 113307 28474 163317 107922 38138 107975 92279 14948 109140 145599 147413 114597 115138 126788 133681 116959 172864 137816 41657 157147 129959 17145 55218 4950 174236 199694 170346 164831 97142 172666 152068 108406 13716 180497 166820 150121 134291 75148 110954 81659 95322 76443 62524 83292 36250 190956 46130 89561 181594 23080 57018 78086 4812 148001 26804 182687 55027 174440 123333 54273 12734 150028 31819 190461 174110 126379 12912 46774 93875 75433 96892 184157 8519 112906 185657 70866 145973 166044 199312 4976 42674 67005 106871 68803 140573 128438 87764 141993 5279 36659 19169 159984 10254 16643 11311 180845 38113 91684 11442 50281 110616 109671 60258 136976 97223 4713 128166 22748 10988 100272 117798 163134 109343 60271 24069 100414 185511 86368 51466 170651 48418 25310
200
0 0 0 0 0 0 0 0 0 0 0 0 0 0 0 0 0 0 0 0 0 0 0 0 0 0 0 0 0 0 0 0 0 0 0 0 0 0 0 0 0 0 0 0 0 0 0 0 0 0 0 0 0 0 0 0 0 0 0 0 0 0 0 0 0 0 0 0 0 0 0 0 0 0 0 0 0 0 0 0 0 0 0 0 0 0 0 0 0 0 0 0 0 0 0 0 0 0 0 0 11500 835 165709 126237 72901 92164 23754 2912 93251 116850 91623 174545 122041 161451 156634 183951 82710 145950 30049 171754 49073 40619 89570 2564 131060 75575 16989 11013 185018 193199 53583 33651 165863 6233 27337 21150 154554 63347 4781 178966 180160 63344 76941 141913 178354 77389 30427 2290 2707 143989 145899 9948 183742 61348 129860 47759 14748 51623 136619 143919 171805 115779 115520 56147 90877 109766 20852 48750 179051 122520 29865 91082 177687 196675 134901 141157 110966 95521 129044 85271 107971 3151 133766 82328 157202 131868 36895 90072 106625 36178 3660 124016 32103 114832 141978 105466 96485 25543 149321 43613
200
1840 6784 4480 6272 3280 2720 2592 5440 5584 4656 3232 6912 6688 22655 83528 55160 77224 40385 33490 31914 66980 68753 57327 39794 85104 82346 30820 113632 75040 105056 54940 45560 43416 91120 93532 77988 54136 115776 112024 28060 103456 68320 95648 50020 41480 39528 82960 85156 71004 49288 105408 101992 11270 41552 27440 38416 20090 16660 15876 33320 34202 28518 19796 42336 40964 460 1696 1120 1568 820 680 648 1360 1396 1164 808 1728 1672 30820 113632 75040 105056 54940 45560 43416 91120 93532 77988 54136 115776 112024 44735 164936 108920 152488 79745 66130 63018 132260 135761 113199 78578 168048 162602 27945 103032 68040 95256 49815 41310 39366 82620 84807 70713 49086 104976 101574 28750 106000 70000 98000 51250 42500 40500 85000 87250 72750 50500 108000 104500 25760 94976 62720 87808 45920 38080 36288 76160 78176 65184 45248 96768 93632 10005 36888 24360 34104 17835 14790 14094 29580 30363 25317 17574 37584 36366 10810 39856 26320 36848 19270 15980 15228 31960 32806 27354 18988 40608 39292 16 197 268 244 98 4 268 389 243 250 224 87 94 115 424 280 392 205 170 162 340 349 291 202 432 418 13819 88656 90509 1101 135978
200
0 0 0 0 0 0 0 0 0 0 0 0 0 0 0 0 0 0 0 0 0 0 0 0 0 0 0 0 0 0 0 0 0 0 0 0 0 0 0 0 0 0 0 0 0 0 0 0 0 0 0 0 0 0 0 0 0 0 0 0 0 0 0 0 0 0 0 0 0 0 0 0 0 0 0 0 0 0 0 0 0 0 0 0 0 0 0 0 0 0 0 0 0 0 0 0 0 0 0 0 0 0 0 0 0 0 0 0 0 0 0 0 0 0 0 0 0 0 0 0 0 0 0 0 0 0 0 0 0 0 0 0 0 0 0 0 0 0 0 0 0 0 0 0 0 0 0 0 0 0 0 0 0 0 0 0 0 0 0 0 0 0 0 0 0 0 0 0 0 0 0 0 0 0 0 0 0 0 0 0 0 0 0 0 0 0 0 0 0 0 0 0 0 0 0 0 0 0 0 0
200
80571 178213 26440 151746 170639 139276 9053 198406 59451 13118 75806 13300 3203 11229 32914 119064 160822 41965 36814 72502 1003 162378 189442 80734 172563 13798 23355 166203 6111 123151 66183 56145 42205 154975 67739 77410 58313 6356 107552 128056 76852 133501 195467 71541 62830 166064 104588 18897 128990 156628 4575 52262 32771 89326 164556 97316 14864 87332 31888 37621 84349 51898 186766 190949 180853 118100 19683 83280 148471 83770 46354 189700 80821 124853 181134 88647 179633 88217 94539 9051 18120 33215 64781 2600 33389 49857 175031 5154 67831 118019 159383 15069 145718 116715 94086 128020 165174 190291 11309 112590 88632 30042 70379 9273 197163 179805 55334 44557 152151 51918 5263 6800 21960 29573 112634 70174 128978 96622 65094 147609 198749 58874 102216 10576 101043 70871 170582 46339 9660 97004 111405 184125 108622 40120 119779 60407 54128 21540 180886 188798 52729 66298 40587 40375 112062 81249 28383 23710 51528 120612 54825 158280 82840 23640 146012 49086 71647 56008 188090 6057 7615 53248 65108 63961 24560 87045 1674 102991 47521 5397 51176 92794 111240 58504 102207 174295 138687 20669 56959 192536 97618 44570 47032 71819 148121 123620 67557 56637 160449 122995 195462 139044 115066 103768 178139 116938 140465 32576 41737 2149
200
89018 45240 171081 11955 159583 4109 132086 91893 176457 154461 2446 27056 86707 169181 80666 50509 23574 58087 81903 10719 199025 164746 102493 989 136119 120673 161632 185490 34156 174229 123027 96207 26414 23192 127229 195770 171533 150015 141239 115238 173649 78188 117430 11886 37675 125812 27034 126654 128944 88070 1662 63673 35215 141054 2136 82935 182642 1949 198601 1529 127709 142802 198909 198938 29692 27339 76152 13173 171437 61697 128571 190427 142181 92392 129517 143866 175186 179487 3063 171661 192130 23203 185683 32122 33760 61137 134714 172299 91413 52706 47497 39467 56666 109227 193565 49233 64678 96723 151031 5416 61152 131403 138353 76057 172600 188835 60297 182659 158855 134186 175603 102885 54453 61381 110953 30885 83499 188618 157809 147985 18242 58016 192881 27399 36602 67628 123542 117494 96982 158927 155584 94772 84929 47314 82222 79914 74247 108524 152031 16076 167697 174496 86344 14926 151466 80116 30960 95871 21072 131335 95135 180180 79583 29379 111479 51711 5574 119615 43153 185800 186122 42729 94210 148021 93610 63198 33705 10777 190339 121829 55206 173267 150252 132755 104892 190478 98180 49679 141452 111781 98715 115367 188974 48916 145062 24085 145239 184558 63004 127592 22646 78119 107669 2127 170472 104030 134835 28610 59094 140556
200
107441 71008 76886 135087 152691 79425 68990 44012 71796 162619 197305 46511 5794 6448 59899 38307 88970 48992 169768 46968 114539 98528 99384 196599 112987 64739 172247 68884 115123 158930 108288 192135 124420 160169 136065 7231 14851 184492 24823 73489 77238 101186 287 23725 135200 194622 52870 86296 133704 73721 102388 159481 50904 15043 141228 28887 70027 73045 119073 36857 181169 84249 55570 15317 76386 190507 6199 99564 57214 55745 129563 110293 171922 9762 194194 153125 93411 129261 118581 172091 143938 2684 183882 3754 139876 38180 107213 6049 118682 14091 97845 158646 122652 144425 58874 44060 83206 122403 182378 29026 193228 57372 21876 41864 110707 113686 146377 17797 126467 183553 183768 61111 39025 41163 79085 196372 132084 147335 2021 192651 154642 76638 108339 63843 195641 111265 26094 34827 69889 177298 156102 199583 30843 6145 151007 169536 162833 5230 35810 66386 155470 93585 130247 90625 67275 64827 165255 13819 194646 89870 104073 41270 194327 190170 15619 122677 47350 129304 67404 117296 147587 167 155333 98608 196561 136597 199172 39126 104341 47893 196561 63558 70579 168669 63930 1421 43094 8680 76282 8540 137962 108101 22223 147856 138336 134566 140017 17951 189554 164993 195856 191014 113961 131435 22874 7401 148094 47438 37620 19453
200
1 0 0 0 0 1 0 0 0 1 0 1 1 0 0 1 0 0 1 0 1 1 1 1 1 1 1 1 1 0 0 1 0 0 0 0 0 1 1 1 1 0 1 1 1 1 1 1 1 0 1 0 1 1 1 1 1 0 1 1 0 1 0 1 0 0 0 0 0 0 1 0 0 1 1 0 1 0 0 1 1 0 1 1 1 1 1 0 0 1 0 1 1 0 1 1 0 1 0 1 0 1 1 0 1 1 0 1 0 1 1 1 1 1 0 1 1 1 1 0 1 1 0 0 0 0 0 1 0 0 1 1 1 1 0 0 1 1 0 1 0 1 0 0 0 0 0 0 0 1 1 0 1 0 1 1 1 0 0 0 1 0 1 1 0 1 0 0 0 1 1 1 1 1 0 1 0 0 0 1 1 0 0 0 1 0 0 1 1 0 0 0 1 1 1 1 1 0 0 0
200
6885 5670 8478 3483 3267 3753 7398 5427 7884 9909 3780 567 43095 35490 53066 21801 20449 23491 46306 33969 49348 62023 23660 3549 10710 8820 13188 5418 5082 5838 11508 8442 12264 15414 5880 882 67320 55440 82896 34056 31944 36696 72336 53064 77088 96888 36960 5544 94095 77490 115866 47601 44649 51291 101106 74169 107748 135423 51660 7749 32895 27090 40506 16641 15609 17931 35346 25929 37668 47343 18060 2709 96900 79800 119320 49020 45980 52820 104120 76380 110960 139460 53200 7980 10965 9030 13502 5547 5203 5977 11782 8643 12556 15781 6020 903 65025 53550 80070 32895 30855 35445 69870 51255 74460 93585 35700 5355 9945 8190 12246 5031 4719 5421 10686 7839 11388 14313 5460 819 108120 89040 133136 54696 51304 58936 116176 85224 123808 155608 59360 8904 90270 74340 111156 45666 42834 49206 96996 71154 103368 129918 49560 7434 27 169 42 264 369 129 380 43 255 39 424 354 255 210 314 129 121 139 274 201 292 367 140 21 142874 88964 189205 168785 47642 152176 126196 53911 48285 80346 143786 146338 109609 189358 94352 158971 114101 130138 163537 149886 74370 16912 16368 187708 167188 114995 157927 188109 165594 133183 17186 29514
200
102942 64638 55860 79800 108927 38304 14364 123690 63840 89010 55890 48300 69000 94185 33120 12420 106950 55200 2064 1296 1120 1600 2184 768 288 2480 1280 35346 22194 19180 27400 37401 13152 4932 42470 21920 38442 24138 20860 29800 40677 14304 5364 46190 23840 109908 69012 59640 85200 116298 40896 15336 132060 68160 52374 32886 28420 40600 55419 19488 7308 62930 32480 92364 57996 50120 71600 97734 34368 12888 110980 57280 0 0 0 0 0 0 0 0 0 399 345 8 137 149 426 203 358 0 258 162 140 200 273 96 36 310 160 96225 66866 137213 191205 20020 132829 126191 32924 196679 111505 89409 21387 13015 122812 81139 29566 8382 122569 153358 195159 149133 53073 185677 189293 152242 69276 128848 28218 53679 40499 21974 42709 54614 95053 184598 27870 1810 61450 162794 142762 155255 148399 150925 93438 136731 196944 46171 115504 107802 31513 10919 106769 163425 57074 178611 56610 117845 131191 159484 20516 39257 138497 103996 26643 35928 191817 144324 3332 166412 194265 69844 147736 112710 188053 75332 144118 110610 131308 83043 145282 159186 94333 121759 118496 64475 193213 69905 126912 55618 160560 105885 54300 7085 185432 12133 25565 37339 103236 87553 158433 138291
200
1 1 0 0 1 0 1 0 1 0 1 0 0 0 0 0 1 0 0 1 1 1 1 0 1 0 0 1 0 0 0 0 1 1 0 1 1 1 1 0 1 0 0 0 0 0 0 0 1 0 0 0 0 1 0 0 0 0 1 0 0 1 0 0 0 1 0 0 0 1 0 0 0 0 1 1 1 0 0 0 0 1 1 1 0 1 0 0 1 0 0 0 0 0 1 0 0 0 0 1 1 0 0 1 0 1 0 1 1 0 1 1 0 1 0 1 1 1 1 1 1 1 0 1 1 1 0 1 1 1 0 0 0 1 1 1 0 0 0 0 0 0 1 1 1 0 0 1 1 0 0 1 0 0 0 1 0 0 0 0 0 1 0 0 1 1 0 0 0 0 1 1 0 0 1 0 0 1 1 0 0 1 1 1 1 1 1 0 0 0 0 1 0 0 1 1 0 1 0 1
200
131073 131073 65537 131073 65537 65537 65537 65537 65537 131073 131073 65537 131073 65537 65537 131073 65537 131073 65537 131073 65537 131073 65537 131073 131073 131073 65537 131073 65537 131073 131073 131073 65537 65537 65537 131073 65537 131073 131073 65537 131073 131073 131073 131073 131073 65537 131073 65537 131073 131073 131073 131073 131073 131073 65537 131073 65537 65537 65537 65537 65537 65537 65537 65537 131073 65537 131073 131073 131073 131073 65537 131073 65537 65537 65537 131073 65537 131073 65537 131073 65537 131073 131073 65537 131073 65537 131073 65537 131073 131073 131073 131073 131073 131073 131073 131073 65537 131073 131073 131073 65537 65537 131073 131073 131073 65537 131073 131073 131073 131073 65537 131073 131073 65537 65537 65537 65537 131073 131073 131073 65537 131073 131073 65537 65537 65537 65537 131073 131073 131073 131073 131073 131073 131073 131073 65537 65537 65537 65537 65537 131073 65537 131073 65537 131073 131073 131073 131073 131073 65537 65537 131073 65537 65537 65537 131073 131073 131073 131073 65537 131073 65537 65537 131073 65537 131073 131073 65537 131073 65537 65537 65537 65537 65537 131073 65537 131073 131073 131073 65537 65537 65537 65537 131073 131073 131073 65537 131073 65537 131073 65537 131073 65537 131073 131073 131073 131073 65537 131073 65537
200
144840 1278 59214 89034 52824 6816 171252 27690 169122 178920 181476 44200 390 18070 27170 16120 2080 52260 8450 51610 54600 55380 88400 780 36140 54340 32240 4160 104520 16900 103220 109200 110760 21080 186 8618 12958 7688 992 24924 4030 24614 26040 26412 5100 45 2085 3135 1860 240 6030 975 5955 6300 6390 64940 573 26549 39919 23684 3056 76782 12415 75827 80220 81366 137700 1215 56295 84645 50220 6480 162810 26325 160785 170100 172530 60520 534 24742 37202 22072 2848 71556 11570 70666 74760 75828 108800 960 44480 66880 39680 5120 128640 20800 127040 134400 136320 93160 822 38086 57266 33976 4384 110148 17810 108778 115080 116724 46920 414 19182 28842 17112 2208 55476 8970 54786 57960 58788 426 130 260 62 15 191 405 178 320 274 138 340 3 139 209 124 16 402 65 397 420 426 139026 164763 124175 78822 110462 24030 65978 19151 39016 190291 160023 131011 10303 184823 158174 111592 11316 17347 83269 44201 147786 134845 132519 69317 87405 116770 49029 123911 39647 112081 91536 21323 122789 25390 185162 105244 30481 184260 64362 98107 108905 187999 74230 184748 26784 69987 46447 12041 58392 133722 169442 97395 173262 113970 136727 151690 173338
200
14400 21825 67500 10800 46350 19800 32850 35775 90450 78300 0 225 14016 21243 65700 10512 45114 19272 31974 34821 88038 76212 0 219 26816 40643 125700 20112 86314 36872 61174 66621 168438 145812 0 419 4736 7178 22200 3552 15244 6512 10804 11766 29748 25752 0 74 7360 11155 34500 5520 23690 10120 16790 18285 46230 40020 0 115 2560 3880 12000 1920 8240 3520 5840 6360 16080 13920 0 40 5184 7857 24300 3888 16686 7128 11826 12879 32562 28188 0 81 10048 15229 47100 7536 32342 13816 22922 24963 63114 54636 0 157 18944 28712 88800 14208 60976 26048 43216 47064 118992 103008 0 296 26048 39479 122100 19536 83842 35816 59422 64713 163614 141636 0 407 4352 6596 20400 3264 14008 5984 9928 10812 27336 23664 0 68 20160 30555 94500 15120 64890 27720 45990 50085 126630 109620 0 315 225 219 419 74 115 40 81 157 296 407 68 315 64 97 300 48 206 88 146 159 402 348 0 1 48684 198755 196840 190959 83610 72313 132830 2601 163148 176629 21938 68793 43420 155663 3748 150664 30993 52730 38652 23116 107145 90635 118117 188327 34844 141732 183305 11316 37224 37 80143 176505
200
186063 4252 167591 143434 155933 115247 165441 49898 16866 36128 163630 83887 8562 196616 80324 141453 27564 32303 66826 155788 171211 154788 154559 102870 193551 3367 124955 29064 197951 88237 59167 56395 116401 136213 162609 14779 199631 147023 66612 21645 192887 142156 126590 139716 3066 61735 88476 69704 166464 124991 84886 137689 147760 100249 182028 196429 166929 130156 56058 137855 148899 35752 123120 59916 40928 189416 28441 127824 45861 74454 128370 113201 184414 77301 73455 140374 54481 140589 195577 33072 35942 47303 62828 197314 10484 88071 2250 43337 90732 9606 140507 123645 85993 93668 81711 78226 151622 184926 8948 8028 88723 131343 27274 68849 27207 151888 119690 165482 139320 73163 90508 139163 176524 151517 8133 195310 174127 195167 18637 65034 62696 116516 43570 3298 13669 176004 151168 22460 197426 148204 12030 48278 100085 85223 152439 101806 74269 1580 132220 83207 149002 26347 12842 191937 155130 90002 177142 50398 130066 114106 137755 151657 186285 105547 32060 152803 79590 193651 159383 76798 172630 116191 103315 167299 195669 125573 32858 44963 110683 97870 127714 164688 199852 88626 142424 73294 91621 154691 1665 104549 16610 145711 12687 101028 167299 77979 33162 91921 155226 108069 71390 20863 134384 12518 197131 123341 133167 10645 25475 167161
200
161792 61347 52085 152491 176021 31031 49943 190415 139533 54694 187298 170062 60320 65321 43480 75308 155947 149660 136302 178061 195960 46233 61384 175737 161096 196607 150360 157716 39531 172345 158489 154793 25551 68364 31240 152908 76920 78377 129045 165330 1078 35411 125761 48977 72887 13960 102546 7849 41021 29988 157248 93906 4852 114504 91903 103608 121474 176210 154596 161713 83788 45831 86671 181925 58499 94349 121748 194098 184781 17127 77263 170728 118068 118502 80384 87545 70583 195761 50125 166337 39754 98184 90991 183639 124440 174517 183975 137890 61083 182456 191363 138661 89335 112469 122462 126023 177326 165971 173150 51497 44851 160225 87740 53204 198596 14829 34086 5321 185273 153074 180215 78102 167979 139714 106026 49273 13882 30811 30459 123557 163580 117289 144420 129707 92338 17530 199389 49729 132290 51870 10659 17432 145081 25614 176751 194032 86603 183095 45279 144838 114869 82435 46876 117272 888 48102 100297 82671 194530 69022 156997 93518 19512 194325 101962 185436 166633 60348 152092 102795 22941 153235 21054 179942 197319 159019 174565 57569 144371 39242 196748 6040 62916 46398 139503 33358 22407 42476 67384 173871 175310 41044 163341 116156 17113 85292 46064 4704 60473 80997 185828 124850 148046 182202 47090 173674 137974 180639 154960 130795
3
65537 65537 131073
200
98440 94588 102720 154080 169060 14124 139100 163496 77970 74919 81360 122040 133905 11187 110175 129498 59340 57018 61920 92880 101910 8514 83850 98556 100970 97019 105360 158040 173405 14487 142675 167698 42550 40885 44400 66600 73075 6105 60125 70670 72910 70057 76080 114120 125215 10461 103025 121094 33580 32266 35040 52560 57670 4818 47450 55772 24150 23205 25200 37800 41475 3465 34125 40110 428 339 258 439 185 317 146 105 230 221 240 360 395 33 325 382 55350 11790 107405 63899 195023 196742 64913 14036 65192 139467 19453 188119 60432 187483 72962 109509 59663 2343 41470 125572 72565 19777 590 187463 104299 80403 35629 155033 85300 2237 41511 183450 195212 24302 174814 13682 1880 29121 127772 175382 31896 130360 105646 113610 116533 118005 139426 53016 111256 108261 90281 105272 97532 13716 193340 57669 67974 37636 119359 135326 92385 129777 4194 181911 197292 27587 51420 108492 17372 140928 78707 189029 194333 21983 147564 39149 8011 13352 194298 31935 106108 112636 117044 127193 156371 84500 39899 40673 40501 174369 34499 5667 38628 91865 89106 16561 37723 116515 128453 20609 49605 160604 103361 103174 194679 150260 177321 189347 173996 104005 131156 44418 166317 16359 6314 130952 102586 171436 121853 43670
200
0 0 0 0 0 0 0 0 0 0 0 0 0 0 0 0 0 0 0 0 0 0 0 0 0 0 0 0 0 0 0 0 0 0 0 0 0 0 0 0 0 0 0 0 0 0 0 0 0 0 0 0 0 0 0 0 0 0 0 0 0 0 0 0 0 0 0 0 0 0 0 0 0 0 0 0 0 0 0 0 0 0 0 0 0 0 0 0 0 0 0 0 0 0 0 0 0 0 0 0 95168 81817 149648 88205 164199 166769 7147 194479 68295 89629 28502 117837 3907 147768 192685 77010 105905 136813 99560 108611 57203 106810 142055 195719 29131 123978 86260 109855 49637 18505 15533 112624 129715 30672 177186 170287 162184 101907 145352 57501 24599 156670 126092 115347 124436 134363 155946 95180 34290 20767 34423 135725 46065 177411 131494 22845 115919 196631 193160 38539 77056 90346 36152 75270 50862 191089 25437 25706 77418 181176 41469 94233 95613 162029 177799 122643 109897 132335 179497 80456 55830 4017 153672 156659 131682 182510 176833 19867 160523 94247 185184 127390 73420 73414 64887 119080 151944 124357 66231 122819
200
3075 10325 3875 5100 6275 10725 5850 9800 10455 35105 13175 17340 21335 36465 19890 33320 39975 134225 50375 66300 81575 139425 76050 127400 5904 19824 7440 9792 12048 20592 11232 18816 2952 9912 3720 4896 6024 10296 5616 9408 24846 83426 31310 41208 50702 86658 47268 79184 10824 36344 13640 17952 22088 37752 20592 34496 8856 29736 11160 14688 18072 30888 16848 28224 25 85 325 48 24 202 88 72 123 413 155 204 251 429 234 392 72998 172957 174524 93256 102275 88525 104868 185627 94278 79755 17031 34672 172009 65081 105593 3476 120696 41872 24290 149856 169911 169007 153329 125603 115008 7321 105299 119146 109590 61025 140822 38339 146724 111378 73097 176185 27831 29688 193033 57309 48284 57073 192749 86836 80646 166095 68590 163424 56459 164598 136969 179146 152954 131822 88958 113168 125724 108842 180483 19951 73798 75855 119336 148785 198802 35778 124290 130171 62916 116227 131312 165866 36624 166355 133139 142284 21805 178457 64883 79922 39149 39419 57552 134854 124659 45949 128215 95668 194604 8042 38978 128626 140778 150497 23773 13215 122672 137688 84241 39230 185003 139234 23928 98467 97230 94516 158979 128154 10469 59819 97104 197482 147484 107816 19602 187681 165697 144920 52307 19524
200
200000 200000 200000 200000 200000 200000 200000 200000 200000 200000 200000 200000 200000 200000 200000 200000 200000 200000 200000 200000 200000 200000 200000 200000 200000 200000 200000 200000 200000 200000 200000 200000 200000 200000 200000 200000 200000 200000 200000 200000 200000 200000 200000 200000 200000 200000 200000 200000 200000 200000 200000 200000 200000 200000 200000 200000 200000 200000 200000 200000 200000 200000 200000 200000 200000 200000 200000 200000 200000 200000 200000 200000 200000 200000 200000 200000 200000 200000 200000 200000 200000 200000 200000 200000 200000 200000 200000 200000 200000 200000 200000 200000 200000 200000 200000 200000 200000 200000 200000 200000 200000 200000 200000 200000 200000 200000 200000 200000 200000 200000 200000 200000 200000 200000 200000 200000 200000 200000 200000 200000 200000 200000 200000 200000 200000 200000 200000 200000 200000 200000 200000 200000 200000 200000 200000 200000 200000 200000 200000 200000 200000 200000 200000 200000 200000 200000 200000 200000 200000 200000 200000 200000 200000 200000 200000 200000 200000 200000 200000 200000 200000 200000 200000 200000 200000 200000 200000 200000 200000 200000 200000 200000 200000 200000 200000 200000 200000 200000 200000 200000 200000 200000 200000 200000 200000 200000 200000 200000 200000 200000 200000 200000 200000 200000 200000 200000 200000 200000 200000 200000
200
17877 151523 34517 196218 58480 186604 176931 8826 94924 15562 57085 132234 77206 91234 73572 96290 181385 136029 146496 142354 71839 150985 96430 49538 172369 30377 99876 130788 191660 21108 169214 157468 7613 192359 168051 65698 106088 182973 166566 118549 193165 169522 61097 40145 14552 79068 78285 109171 33969 184765 11931 48156 68567 22293 139440 137759 162387 24682 16997 136703 122398 151250 10933 34443 176496 120970 14586 89122 195393 167094 71818 49289 41906 91034 182577 161784 193222 99449 77555 81984 144240 101437 51008 171243 26725 124214 155285 109372 170798 1443 184785 52419 96400 103541 98764 55214 1594 106914 81323 192004 81700 63503 112404 124984 72815 144753 39105 162090 147922 144923 87287 90312 87886 71917 132958 186480 195943 90179 143369 21483 32980 1423 111183 15339 139057 196715 121230 81626 77601 198126 117427 81781 144753 115271 117237 1821 128815 166396 184272 179868 3874 17953 116951 107168 128083 75649 158799 114374 66316 143699 193214 193819 20345 136646 55100 182921 46555 133148 111922 121042 99363 130101 189070 135743 88370 194453 26868 163754 65194 52791 164782 19853 85469 37785 901 137655 161485 117128 199288 180189 74537 12822 9307 140227 57358 89768 158472 69185 11614 101914 36847 125729 196157 57623 196092 125918 66914 198547 18320 94328
200
150746 59192 57635 58500 47398 198140 192090 36243 149022 114258 72251 189493 74197 98147 131813 54875 98257 50757 175358 104293 55975 92030 163644 121823 10796 120566 168372 137518 80240 43324 81966 107135 35029 60899 176369 28111 98511 90870 53800 23727 168829 187744 55416 138760 195489 171211 86525 111900 36193 160647 124498 76605 26153 153682 47285 79236 143198 172090 590 197860 72106 100782 135467 29213 71509 169178 6282 32239 32640 194492 37287 13193 111839 13497 97478 197059 24703 195325 149482 35229 166952 119039 84222 146337 62859 176624 154198 17805 8096 37365 74636 51984 131125 15202 62485 95016 158283 99196 192401 51892 29359 29248 184042 71798 6239 166599 196812 3366 127387 73859 117637 84045 14653 28790 183793 185357 123067 54046 64627 124082 102031 8885 182684 67368 127028 1526 71196 199596 87817 155531 164628 27779 16664 56939 28497 18752 7801 106618 17592 168697 127072 147635 33527 141270 96740 142961 4808 37602 51623 143653 64825 113080 69723 81308 44566 128411 58160 519 52547 51649 130901 110817 10448 114174 18175 149432 122777 40057 42720 101600 168299 167348 19808 198145 156163 69961 96325 132648 30099 99215 40040 26614 34561 47461 2681 112067 86685 151338 86183 38339 151642 99710 168018 191393 21258 114449 22198 89637 41954 73256
200
12843 83119 8414 175875 113557 8478 15317 142695 36473 109494 46394 39466 6737 154393 64207 197657 2957 191370 161640 148252 79392 119524 140412 104840 89973 120287 89930 181674 71016 10875 24295 180559 20726 173406 163093 105696 180427 124815 45168 37949 186371 157255 52727 53189 79552 183280 135009 148524 44871 69315 65083 90930 53416 115291 184229 93991 137912 20385 4132 46308 56445 29289 193398 11496 32858 79553 87527 90551 72346 126291 29405 81272 127387 196826 92644 22711 88593 51403 43821 63382 83008 64522 86331 75490 177525 69059 145445 151430 137095 164450 115884 136814 199388 180791 148761 56181 86517 139252 144240 70522 170248 177042 10972 89154 74830 43247 131903 112725 128178 185820 11311 94221 93887 116930 130044 116533 21177 124206 94318 47866 197822 160737 30377 169021 17212 69407 31314 86283 114011 70344 197765 136936 192599 129298 3658 166247 101345 106397 27070 23503 31453 136279 96332 74525 45273 167558 67606 47193 187528 38036 159811 24327 29906 110951 163743 117577 25404 177414 145213 134227 199414 58905 157266 68093 25 77267 105583 114947 76893 17504 3889 127482 70568 101882 42236 17151 108962 40439 43338 124291 108037 114570 44181 37570 43419 95811 178722 54722 75500 135645 76208 26866 87453 96895 167832 36860 16773 198279 106499 35075
200
1 1 1 1 1 1 1 1 1 1 1 1 1 1 1 1 1 1 1 1 1 1 1 1 1 1 1 1 1 1 1 1 1 1 1 1 1 1 1 1 1 1 1 1 1 1 1 1 1 1 1 1 1 1 1 1 1 1 1 1 1 1 1 1 1 1 1 1 1 1 1 1 1 1 1 1 1 1 1 1 1 1 1 1 1 1 1 1 1 1 1 1 1 1 1 1 1 1 1 1 1 1 1 1 1 1 1 1 1 1 1 1 1 1 1 1 1 1 1 1 1 1 1 1 1 1 1 1 1 1 1 1 1 1 1 1 1 1 1 1 1 1 1 1 1 1 1 1 1 1 1 1 1 1 1 1 1 1 1 1 1 1 1 1 1 1 1 1 1 1 1 1 1 1 1 1 1 1 1 1 1 1 1 1 1 1 1 1 1 1 1 1 1 1 1 1 1 1 1 1
